YEAR,MONTH,RUNOFF_V,FLOW_V,BASEFLOW_V
1982,1,20.7,1.78848,17.71072661
1982,2,17.1,1.47744,13.57016132
1982,3,16.1,1.39104,15.71656463
1982,4,19.7,1.70208,20.53928826
1982,5,47.1,4.06944,39.28454777
1982,6,128,11.0592,81.6412314
1982,7,185,15.984,77.90418149
1982,8,88.5,7.6464,59.48661719
1982,9,117,10.1088,74.52713752
1982,10,67.9,5.86656,68.59632793
1982,11,39,3.3696,38.53063934
1982,12,26.7,2.30688,27.06593355
1983,1,20.3,1.75392,21.0978119
1983,2,17.4,1.50336,15.90681421
1983,3,16.5,1.4256,16.96525289
1983,4,21.1,1.82304,20.97828
1983,5,56,4.8384,44.20630116
1983,6,143,12.3552,101.3886774
1983,7,172,14.8608,100.524243
1983,8,95.9,8.28576,94.85771802
1983,9,66.3,5.72832,68.96359934
1983,10,42,3.6288,50.52814215
1983,11,27.9,2.41056,31.42355207
1983,12,20.1,1.73664,23.31676562
1984,1,15.4,1.33056,17.95830843
1984,2,13.4,1.15776,14.59114215
1984,3,12.7,1.09728,16.32168
1984,4,17.4,1.50336,18.9673795
1984,5,62,5.3568,39.63804397
1984,6,120,10.368,70.77247438
1984,7,106,9.1584,74.1488995
1984,8,87,7.5168,48.05174678
1984,9,105,9.072,47.90034744
1984,10,64.5,5.5728,46.36931504
1984,11,39.3,3.39552,28.17731901
1984,12,25,2.16,20.60971736
1985,1,19,1.6416,17.71072661
1985,2,15.5,1.3392,13.57016132
1985,3,16.3,1.40832,15.71656463
1985,4,28,2.4192,20.53928826
1985,5,81.6,7.05024,39.28454777
1985,6,127,10.9728,81.6412314
1985,7,134,11.5776,77.90418149
1985,8,87.6,7.56864,59.48661719
1985,9,77.1,6.66144,74.52713752
1985,10,59.8,5.16672,68.59632793
1985,11,35.3,3.04992,38.53063934
1985,12,23.6,2.03904,27.06593355
1986,1,17.7,1.52928,21.0978119
1986,2,15.1,1.30464,15.90681421
1986,3,14.7,1.27008,16.96525289
1986,4,21.5,1.8576,20.97828
1986,5,62.4,5.39136,44.20630116
1986,6,116,10.0224,101.3886774
1986,7,102,8.8128,100.524243
1986,8,57.6,4.97664,94.85771802
1986,9,107,9.2448,68.96359934
1986,10,57,4.9248,50.52814215
1986,11,34.4,2.97216,31.42355207
1986,12,23.2,2.00448,23.31676562
1987,1,17.2,1.48608,17.95830843
1987,2,14.9,1.28736,14.59114215
1987,3,14,1.2096,16.32168
1987,4,18.3,1.58112,18.9673795
1987,5,48,4.1472,39.63804397
1987,6,135,11.664,70.77247438
1987,7,134,11.5776,74.1488995
1987,8,98.3,8.49312,48.05174678
1987,9,107,9.2448,47.90034744
1987,10,60.2,5.20128,46.36931504
1987,11,33.2,2.86848,28.17731901
1987,12,21.7,1.87488,20.60971736
1988,1,16.5,1.4256,10.82037689
1988,2,14.3,1.23552,12.00131702
1988,3,15,1.296,12.76838182
1988,4,21.1,1.82304,14.46161355
1988,5,63.3,5.46912,29.08668198
1988,6,138,11.9232,65.03981058
1988,7,123,10.6272,79.76120727
1988,8,97,8.3808,70.42056397
1988,9,134,11.5776,80.14468463
1988,10,90.9,7.85376,64.62261818
1988,11,45.7,3.94848,34.25860562
1988,12,30.1,2.60064,23.93381455
1989,1,20.5,1.7712,17.77001355
1989,2,18.1,1.56384,14.54714479
1989,3,17.5,1.512,15.53273554
1989,4,28,2.4192,16.57347769
1989,5,90,7.776,40.77259438
1989,6,185,15.984,87.98174777
1989,7,146,12.6144,93.26363207
1989,8,96.9,8.37216,71.05088231
1989,9,124,10.7136,81.95427074
1989,10,97.3,8.40672,67.77495967
1989,11,49.9,4.31136,37.62781587
1989,12,33.2,2.86848,27.38140661
1990,1,25.6,2.21184,22.50776826
1990,2,23.1,1.99584,18.60932826
1990,3,22.7,1.96128,19.84833818
1990,4,30.2,2.60928,20.95957785
1990,5,61.1,5.27904,35.2460886
1990,6,130,11.232,63.77345851
1990,7,117,10.1088,86.83056893
1990,8,103,8.8992,68.23469157
1990,9,120,10.368,76.24235008
1990,10,71.1,6.14304,56.29402413
1990,11,46,3.9744,35.03270975
1990,12,31.1,2.68704,25.47891372
1991,1,23.6,2.03904,20.56319405
1991,2,20.7,1.78848,16.8893524
1991,3,20.5,1.7712,18.29395339
1991,4,24,2.0736,17.82444793
1991,5,69.9,6.03936,29.98397752
1991,6,120,10.368,68.2962605
1991,7,106,9.1584,74.95457058
1991,8,101,8.7264,67.66474017
1991,9,84.9,7.33536,54.42278281
1991,10,81.2,7.01568,61.16715669
1991,11,46.5,4.0176,34.52418446
1991,12,30.2,2.60928,24.93656033
1992,1,23.3,2.01312,20.44529851
1992,2,20.9,1.80576,17.4484324
1992,3,21.3,1.84032,18.49524694
1992,4,34.5,2.9808,21.05413587
1992,5,86.8,7.49952,44.60720132
1992,6,206,17.7984,96.34788298
1992,7,186,16.0704,120.0858248
1992,8,113,9.7632,83.3806919
1992,9,99.6,8.60544,68.74378215
1992,10,81.4,7.03296,60.24383405
1992,11,44.4,3.83616,33.1866714
1992,12,29,2.5056,24.10222612
1993,1,23,1.9872,20.02371174
1993,2,20.4,1.76256,16.35233058
1993,3,18.9,1.63296,16.95083207
1993,4,26.4,2.28096,17.63842017
1993,5,83,7.1712,39.3123362
1993,6,116,10.0224,67.75837587
1993,7,150,12.96,100.2494499
1993,8,152,13.1328,99.07603736
1993,9,111,9.5904,79.10327603
1993,10,86.8,7.49952,65.9012519
1993,11,55.1,4.76064,40.32920826
1993,12,33.5,2.8944,27.3395276
1994,1,24.9,2.15136,21.29709421
1994,2,21,1.8144,16.81323471
1994,3,19.6,1.69344,17.72988099
1994,4,33.9,2.92896,19.61049719
1994,5,76.7,6.62688,40.86480793
1994,6,162,13.9968,77.82872727
1994,7,102,8.8128,71.74852066
1994,8,60.8,5.25312,47.10145686
1994,9,91,7.8624,50.43472661
1994,10,90.4,7.81056,60.20206215
1994,11,42.1,3.63744,31.7980205
1994,12,28.6,2.47104,23.97291174
1995,1,22.7,1.96128,19.69712926
1995,2,19.6,1.69344,15.78894843
1995,3,20.9,1.80576,17.20445653
1995,4,33.1,2.85984,19.64128165
1995,5,134,11.5776,47.05059868
1995,6,163,14.0832,105.274324
1995,7,133,11.4912,95.25273322
1995,8,92.6,8.00064,64.71732198
1995,9,80.8,6.98112,59.89826678
1995,10,63.3,5.46912,48.85322876
1995,11,41.5,3.5856,32.27812959
1995,12,31.4,2.71296,27.52139603
1996,1,28.1,2.42784,24.7366681
1996,2,24.4,2.10816,19.67059041
1996,3,26.1,2.25504,20.83108463
1996,4,35.1,3.03264,24.54144694
1996,5,71,6.1344,41.18742446
1996,6,126,10.8864,72.01241256
1996,7,132,11.4048,88.56526017
1996,8,94.5,8.1648,65.55920727
1996,9,84.9,7.33536,59.99341091
1996,10,79.4,6.86016,58.53907636
1996,11,50.5,4.3632,40.01520198
1996,12,38.9,3.36096,33.27034909
1997,1,32.4,2.79936,27.89664694
1997,2,26.1,2.25504,20.04398777
1997,3,30.3,2.61792,22.61247471
1997,4,37.9,3.27456,28.21193851
1997,5,80.1,6.92064,43.64451967
1997,6,141,12.1824,79.30702116
1997,7,128,11.0592,88.23503603
1997,8,81.4,7.03296,58.53203107
1997,9,57.9,5.00256,43.42467273
1997,10,52.2,4.51008,42.61244132
1997,11,46.3,4.00032,32.75868793
1997,12,32.7,2.82528,27.05903107
1998,1,35.6,3.07584,27.53540331
1998,2,30.1,2.60064,20.64908826
1998,3,26.7,2.30688,19.9875838
1998,4,30.7,2.65248,17.94641355
1998,5,75.8,6.54912,36.63851504
1998,6,104,8.9856,61.57783041
1998,7,141,12.1824,87.29562645
1998,8,117,10.1088,88.23436661
1998,9,88.5,7.6464,64.23411273
1998,10,77.8,6.72192,59.67279372
1998,11,51.8,4.47552,37.15582017
1998,12,31.7,2.73888,24.94642612
1999,1,23.1,1.99584,19.3687081
1999,2,20,1.728,15.33241785
1999,3,20.3,1.75392,16.47166017
1999,4,36.3,3.13632,18.15217587
1999,5,89.2,7.70688,45.16632893
1999,6,156,13.4784,89.42219107
1999,7,186,16.0704,114.2608552
1999,8,105,9.072,78.4811395
1999,9,74.2,6.41088,59.10119702
1999,10,91.1,7.87104,61.54194347
1999,11,52.7,4.55328,37.46233785
1999,12,31.7,2.73888,25.41089157
2000,1,24.6,65.88864,21.06736661
2000,2,22.7,56.87712,17.80138116
2000,3,20.9,55.97856,17.40768992
2000,4,32.4,83.9808,19.65888893
2000,5,82.9,222.03936,40.73181025
2000,6,137,355.104,73.24300562
2000,7,115,308.016,75.46759736
2000,8,78.2,209.45088,59.75244893
2000,9,84.2,218.2464,55.3658757
2000,10,55.3,148.11552,42.91939636
2000,11,37.3,96.6816,27.84837719
2000,12,26.2,67.9104,18.92402777
2001,1,21.3,57.04992,17.35609983
2001,2,20,48.384,14.46020033
2001,3,20.1,53.83584,16.7324876
2001,4,35.8,92.7936,19.0025643
2001,5,76.7,205.43328,40.8305514
2001,6,135,349.92,76.54268826
2001,7,97.6,261.41184,70.48398942
2001,8,98.9,264.89376,64.17215702
2001,9,129,334.368,83.15412992
2001,10,85.3,228.46752,64.32980727
2001,11,52.8,136.8576,37.66866545
2001,12,34.4,89.1648,26.73797355
2002,1,24,64.2816,19.09317719
2002,2,21,50.8032,15.58714612
2002,3,21,56.2464,17.62869421
2002,4,31.5,81.648,19.4663038
2002,5,61.7,165.25728,34.82683736
2002,6,136,352.512,71.02590545
2002,7,99,265.1616,73.75693091
2002,8,90.9,243.46656,61.47624496
2002,9,51.3,132.9696,40.1777762
2002,10,49.7,133.11648,39.0881514
2002,11,36.9,95.6448,27.56390876
2002,12,25.4,65.8368,19.99229653
2003,1,20.3,54.37152,16.57093983
2003,2,17.5,42.336,13.39904529
2003,3,16.9,45.26496,14.3309038
2003,4,24.1,62.4672,14.92225587
2003,5,72.6,194.45184,29.89783934
2003,6,148,383.616,75.5830919
2003,7,150,401.76,98.45573355
2003,8,117,313.3728,81.99256463
2003,9,118,305.856,72.69980727
2003,10,57.2,153.20448,43.48474512
2003,11,35.3,91.4976,27.08382645
2003,12,25.1,65.0592,20.9293557
2004,1,21.6,57.85344,17.71072661
2004,2,17.8,44.59968,13.57016132
2004,3,24.1,64.54944,15.71656463
2004,4,34.9,90.4608,20.53928826
2004,5,77.3,207.04032,39.28454777
2004,6,154,399.168,81.6412314
2004,7,107,286.5888,77.90418149
2004,8,80.8,216.41472,59.48661719
2004,9,133,344.736,74.52713752
2004,10,99.5,266.5008,68.59632793
2004,11,51.9,134.5248,38.53063934
2004,12,33.8,87.6096,27.06593355
2005,1,25.8,69.10272,21.0978119
2005,2,21.3,51.52896,15.90681421
2005,3,22.8,61.06752,16.96525289
2005,4,32.8,85.0176,20.97828
2005,5,103,275.8752,44.20630116
2005,6,178,461.376,101.3886774
2005,7,141,377.6544,100.524243
2005,8,135,361.584,94.85771802
2005,9,99.5,257.904,68.96359934
2005,10,69,184.8096,50.52814215
2005,11,41.5,107.568,31.42355207
2005,12,28.6,74.1312,23.31676562
2006,1,21.8,58.42368,17.95830843
2006,2,14.5,35.0784,14.59114215
2006,3,19.2,51.55488,16.32168
2006,4,31.1,80.67168,18.9673795
2006,5,74.8,200.33568,39.63804397
2006,6,131.8,341.6256,70.77247438
2006,7,120.1,321.7968,74.1488995
2006,8,62.5,167.4864,48.05174678
2006,9,71.3,184.93056,47.90034744
2006,10,68.2,182.79648,46.36931504
2006,11,37.3,96.7248,28.17731901
2006,12,25.5,66.20469677,20.60971736
